image_width: 320
image_height: 240
camera_name: camera_front_straight
camera_matrix:
  rows: 3
  cols: 3
  data: [358.74298095703125, 0.0, 322.9404296875,
         0.0, 358.74298095703125, 179.08392333984375,
         0.0, 0.0, 1.0]
distortion_model: plumb_bob
distortion_coefficients:
  rows: 1
  cols: 5
  data: [-0.016414949670433998, 0.0040713148191571236, 0.0, 0.0, 0.0]
rectification_matrix:
  rows: 3
  cols: 3
  data: [1.0, 0.0, 0.0,
         0.0, 1.0, 0.0,
         0.0, 0.0, 1.0]
projection_matrix:
  rows: 3
  cols: 4
  data: [358.74298095703125, 0.0, 322.9404296875, 0.0,
         0.0, 358.74298095703125, 179.08392333984375, 0.0,
         0.0, 0.0, 1.0, 0.0]